1 1
1 2
1 3
1 4
2 5
2 6
2 7
2 8
3 9
3 10
3 11
3 12
4 13
4 14
4 15
4 16
4 17
5 18
5 19
5 20
5 21
5 22
5 23
5 24
5 25
5 26
5 27
5 28
5 29
5 30
5 31
5 32
5 33
6 34
6 35
6 36
6 37
7 38
7 39
7 40
7 41
7 42
7 43
7 44
7 45
7 46
7 47
7 48
8 49
8 50
8 51
9 52
9 53
9 54
9 55
9 56
9 57
9 58
9 59
9 60
10 61
10 62
10 63
11 64
11 65
11 66
11 67
11 68
12 69
12 70
12 71
13 72
13 73
13 74
14 75
14 76
14 77
15 78
15 79
15 80
15 81
15 82
15 83
15 84
15 85
15 86
16 87
16 88
16 89
16 90
17 91
17 92
17 93
18 94
18 95
18 96
18 97
18 98
18 99
18 27
18 100
18 101
18 102
19 103
19 104
19 105
19 106
20 107
20 108
20 109
20 110
20 111
20 34
21 112
21 113
21 114
21 115
21 116
21 26
21 117
21 118
21 119
21 120
21 37
21 121
21 122
21 123
21 124
21 125
21 126
22 127
22 128
22 129
22 130
22 131
23 132
23 133
23 81
23 134
24 135
24 136
24 137
24 138
24 139
25 140
25 141
25 142
26 143
26 144
26 145
27 146
27 147
27 148
27 149
28 150
28 151
28 152
28 153
28 154
28 155
28 156
29 157
29 158
29 159
29 160
30 161
30 162
30 163
30 21
30 164
30 50
30 165
30 166
30 167
30 168
30 169
31 170
31 171
31 172
31 173
32 174
32 175
32 176
32 177
32 178
32 179
32 180
33 181
33 182
33 183
33 184
34 185
34 186
34 187
34 97
34 188
34 189
35 190
35 191
35 192
35 193
35 194
35 195
36 196
36 197
36 198
36 199
37 200
37 201
37 202
38 203
38 204
38 205
39 116
39 206
39 207
39 208
40 209
40 210
40 211
41 212
41 213
41 214
41 215
41 104
41 216
41 217
41 218
41 219
41 220
41 221
42 222
42 223
42 224
43 225
43 226
43 227
44 228
44 229
44 142
45 230
45 209
45 231
45 232
45 233
46 234
46 235
46 236
46 237
47 238
47 239
47 240
48 241
48 242
48 243
48 244
48 245
48 246
48 247
48 248
49 249
49 250
49 251
49 252
50 253
50 254
50 255
50 256
51 257
51 258
51 259
51 260
52 261
52 262
52 263
53 264
53 265
53 266
53 267
54 268
54 269
54 270
54 271
54 272
54 273
54 274
54 275
54 276
55 277
55 278
55 279
55 280
56 281
56 282
56 283
56 284
56 285
56 286
56 142
56 287
57 288
57 289
57 290
57 291
57 292
58 293
58 294
58 295
59 296
59 297
59 298
59 299
60 300
60 81
60 301
61 302
61 303
61 304
62 305
62 306
62 307
62 214
63 308
63 309
63 310
63 311
63 312
63 313
64 314
64 315
64 316
64 317
64 318
65 319
65 320
65 321
65 123
66 322
66 323
66 324
66 325
66 326
67 327
67 328
67 329
67 330
67 331
67 222
67 332
67 333
67 334
67 335
67 336
67 337
68 338
68 339
68 340
68 341
69 342
69 343
69 344
69 345
70 203
70 346
70 347
70 348
70 349
71 158
71 350
71 351
71 352
71 353
71 354
71 180
71 355
71 356
71 357
71 358
71 359
71 360
71 361
72 253
72 362
72 363
73 364
73 365
73 366
73 367
73 275
73 151
73 368
73 369
73 370
73 371
73 372
73 373
74 374
74 375
74 376
74 377
75 378
75 379
75 380
76 381
76 382
76 383
77 384
77 385
77 203
77 386
77 387
78 388
78 389
78 390
78 391
78 392
78 393
79 394
79 395
79 396
79 397
80 398
80 399
80 400
81 401
81 151
81 402
82 271
82 403
82 404
82 405
83 406
83 57
83 254
83 407
83 408
83 409
84 410
84 411
84 412
84 114
84 413
84 414
84 81
84 415
84 416
84 417
84 418
84 419
84 420
85 421
85 422
85 423
86 424
86 425
86 426
87 314
87 427
87 26
88 214
88 275
88 151
88 428
89 253
89 429
89 430
90 431
90 260
90 432
91 433
91 434
91 435
91 436
92 164
92 437
92 438
93 439
93 440
93 441
93 442
94 443
94 429
94 271
94 444
95 445
95 446
95 447
95 448
95 449
95 450
95 355
95 451
95 452
95 453
96 146
96 454
96 455
96 456
97 457
97 458
97 459
97 214
97 460
97 461
97 26
97 260
97 75
97 440
97 462
97 463
98 464
98 465
98 460
98 466
98 467
98 468
98 469
98 470
98 471
98 472
99 473
99 474
99 475
99 476
99 477
100 478
100 479
100 480
100 481
101 464
101 482
101 483
101 484
101 485
101 486
102 476
102 487
102 488
102 489
102 490
102 491
102 492
102 493
102 494
102 495
103 496
103 497
103 498
103 499
104 500
104 501
104 502
104 503
104 504
104 214
104 505
104 506
104 507
105 1
105 508
105 509
105 510
105 406
105 511
105 512
106 513
106 514
106 515
106 516
107 161
107 101
107 517
107 518
108 519
108 520
108 521
108 400
109 522
109 518
109 523
109 286
110 524
110 525
110 526
111 527
111 528
111 529
112 530
112 531
112 532
113 533
113 534
113 535
114 536
114 537
114 538
114 539
115 214
115 540
115 541
115 542
115 543
116 544
116 545
116 546
117 547
117 548
117 549
117 550
118 551
118 552
118 553
118 554
118 555
118 222
118 49
118 556
118 557
118 23
118 558
118 559
118 560
118 561
118 36
118 562
118 563
118 564
119 565
119 566
119 200
120 567
120 568
120 569
121 570
121 571
121 572
121 573
121 574
122 575
122 576
122 577
122 578
123 49
123 579
123 580
123 581
123 566
123 357
124 582
124 583
124 584
124 585
124 586
124 587
125 566
125 588
125 589
125 590
125 591
125 526
125 592
125 593
126 327
126 594
126 595
127 596
127 597
127 598
128 599
128 290
128 600
128 275
128 601
128 602
128 603
129 604
129 605
129 606
130 607
130 608
130 609
130 610
131 611
131 612
131 613
131 508
132 614
132 615
132 616
133 617
133 57
133 63
133 618
133 619
134 620
134 621
134 622
135 623
135 624
135 625
135 352
135 626
135 627
135 628
135 629
135 630
135 631
135 632
135 633
135 634
135 635
136 636
136 92
136 637
136 638
137 639
137 640
137 641
138 642
138 643
138 644
138 645
139 646
139 591
139 647
139 648
140 649
140 650
140 651
140 652
141 653
141 654
141 655
141 656
141 657
141 658
141 659
142 660
142 661
142 662
142 663
143 664
143 665
143 666
144 667
144 668
144 669
144 670
144 671
144 672
144 673
144 428
144 164
144 188
145 282
145 674
145 675
145 676
145 677
145 678
145 638
145 679
146 592
146 680
146 681
146 682
146 683
147 684
147 685
147 686
148 687
148 357
148 688
149 689
149 690
149 691
149 692
149 693
150 694
150 695
150 696
150 697
150 698
150 699
150 53
151 201
151 700
151 548
152 701
152 211
152 702
152 703
152 704
152 705
153 706
153 707
153 708
154 457
154 709
154 710
154 659
155 711
155 712
155 713
155 714
156 715
156 716
156 717
157 718
157 719
157 720
157 721
157 722
157 723
157 724
157 725
157 726
157 727
157 728
157 280
157 590
157 729
157 730
157 731
157 732
157 200
157 733
157 142
157 734
157 735
157 469
157 736
157 737
157 738
157 739
157 740
157 741
157 742
157 743
157 744
157 745
158 653
158 746
158 747
158 748
158 749
158 750
159 751
159 752
159 753
160 164
160 754
160 518
161 755
161 756
161 757
162 758
162 759
162 760
162 202
163 761
163 762
163 763
164 764
164 765
164 316
164 766
165 767
165 768
165 769
166 770
166 771
166 772
167 773
167 774
167 428
168 775
168 776
168 777
169 778
169 779
169 780
169 781
170 782
170 783
170 69
170 784
171 785
171 786
171 787
172 788
172 789
172 460
172 790
172 791
172 792
172 793
172 794
172 795
172 796
172 797
172 798
173 799
173 800
173 721
173 357
173 801
174 802
174 803
174 804
175 464
175 164
175 272
176 805
176 806
176 807
177 808
177 809
177 810
177 472
177 811
177 812
178 813
178 814
178 815
178 533
179 816
179 817
179 818
179 819
179 820
179 821
180 822
180 530
180 823
180 824
180 825
181 826
181 827
181 342
181 34
182 828
182 829
182 830
182 831
182 832
182 833
182 834
182 835
182 96
183 1
183 836
183 837
184 838
184 839
184 840
184 841
185 115
185 477
185 842
186 843
186 844
186 845
187 846
187 847
187 848
188 158
188 849
188 850
189 537
189 851
189 763
190 852
190 853
190 72
190 854
191 855
191 856
191 857
192 858
192 859
192 860
193 440
193 861
193 28
193 862
194 863
194 864
194 299
195 865
195 866
195 867
196 78
196 212
196 868
197 869
197 870
197 871
197 21
197 617
197 872
197 182
197 142
198 873
198 874
198 866
198 875
198 496
198 876
198 285
198 877
198 878
199 879
199 880
199 881
200 882
200 883
200 884
201 885
201 886
201 887
202 888
202 889
202 890
203 284
203 891
203 892
204 893
204 872
204 894
204 624
204 895
204 896
204 897
204 898
204 899
205 639
205 900
205 901
205 902
206 872
206 903
206 387
207 904
207 905
207 906
208 611
208 907
208 908
208 550
209 909
209 910
209 911
210 470
210 912
210 913
210 914
210 915
210 916
210 917
210 165
210 918
210 919
210 859
210 920
211 921
211 370
211 537
212 922
212 923
212 924
213 925
213 926
213 927
213 928
214 929
214 930
214 931
215 932
215 933
215 185
216 934
216 935
216 936
216 937
217 938
217 939
217 741
218 940
218 941
218 942
218 943
218 944
219 717
219 945
219 342
219 582
220 946
220 947
220 948
220 949
220 950
220 908
220 951
220 681
221 952
221 953
221 954
222 955
222 551
222 101
222 164
222 956
223 103
223 768
223 957
223 958
223 741
223 102
223 959
223 960
223 961
223 962
223 963
223 964
223 965
224 966
224 939
224 967
225 281
225 840
225 968
225 969
225 970
225 971
225 599
225 972
225 973
225 836
225 974
225 768
225 975
225 89
225 976
225 72
226 946
226 167
226 977
226 978
227 979
227 980
227 398
227 981
227 982
227 256
227 983
228 984
228 223
228 985
229 986
229 987
229 952
230 988
230 389
230 989
230 379
231 428
231 158
231 34
231 990
231 574
231 137
231 991
232 992
232 993
232 67
233 994
233 995
233 996
233 997
234 998
234 999
234 1000
235 1001
235 119
235 1002
236 1003
236 1004
236 1005
236 1006
236 1007
237 1008
237 1009
237 1010
237 1011
237 1012
238 1013
238 1014
238 1015
238 1016
238 847
238 1017
238 1018
238 1019
239 1020
239 21
239 1021
240 1022
240 1023
240 582
241 222
241 1024
241 1025
242 1026
242 1027
242 109
243 1028
243 496
243 1029
243 1030
243 331
243 1031
243 1032
243 768
243 1033
243 1034
243 1035
244 1036
244 1037
244 1038
244 1039
245 1040
245 1041
245 1042
246 954
246 1043
246 1044
246 214
246 1045
247 529
247 1046
247 1047
247 946
248 580
248 328
248 1048
248 369
249 1049
249 1050
249 1051
249 1052
250 1053
250 948
250 1054
250 1055
250 1056
250 1057
250 289
250 1058
250 1059
250 112
250 1060
251 15
251 1061
251 358
252 1062
252 1063
252 1064
252 381
252 1065
252 1066
252 1067
252 1068
252 1069
252 142
252 1070
253 1071
253 158
253 1072
253 1073
253 1074
253 1075
253 1076
253 1077
253 1078
253 1079
253 1080
253 1081
253 1031
253 1082
253 1083
253 1084
253 1085
253 1086
253 354
253 1087
253 1088
253 1089
253 1090
253 1091
253 1092
253 355
253 1093
254 1094
254 1095
254 69
255 1096
255 1097
255 1098
255 393
256 1099
256 1100
256 1101
257 1055
257 229
257 1102
257 1103
257 1104
258 1105
258 1106
258 768
258 1107
259 1108
259 249
259 523
260 1109
260 1110
260 1111
260 1112
260 1113
260 1114
260 679
261 1115
261 1015
261 1116
261 1117
261 1118
261 1119
261 1120
261 41
262 597
262 1121
262 1122
262 1123
262 127
262 1124
262 1125
262 1126
262 123
263 1127
263 114
263 134
263 1128
264 1129
264 768
264 1130
264 1131
264 1132
264 1133
265 1134
265 1135
265 1136
265 1137
266 1138
266 717
266 199
267 1139
267 903
267 1140
268 533
268 435
268 1141
268 497
268 1142
268 1143
268 1144
268 1145
268 1146
269 1147
269 1148
269 1149
270 92
270 1150
270 1151
270 147
270 1152
270 1153
270 596
270 1154
270 396
270 1155
270 1156
271 611
271 1157
271 87
271 1158
271 1159
271 1160
271 1161
271 1162
272 1163
272 1164
272 1165
273 209
273 1166
273 20
273 281
273 1167
273 1168
274 1169
274 1170
274 1171
275 1172
275 1173
275 1174
275 1175
275 1176
276 1177
276 682
276 1178
277 933
277 164
277 214
277 1179
277 914
277 1180
277 1181
277 1182
277 579
277 1183
277 1184
277 1185
277 1186
278 599
278 1187
278 1188
278 1189
278 158
278 1190
278 1191
278 483
278 1075
278 765
278 1192
278 185
278 1193
278 1194
278 224
278 1195
278 361
279 3
279 1196
279 40
279 315
279 1197
279 1198
280 1199
280 1200
280 1201
281 1202
281 1203
281 1204
281 1205
281 1206
281 1207
281 1208
282 1209
282 1118
282 1210
283 1211
283 1212
283 222
284 1196
284 1213
284 1214
285 1215
285 1216
285 768
285 1166
286 1217
286 161
286 1218
286 1219
286 1220
286 1221
287 597
287 555
287 1222
288 1223
288 1224
288 1225
288 599
289 357
289 1226
289 1227
289 1228
289 897
290 1229
290 1230
290 872
290 1231
291 1
291 1232
291 1233
292 1061
292 1234
292 1235
293 398
293 564
293 1236
294 1237
294 1238
294 1239
295 1240
295 924
295 1241
295 1242
295 1004
296 1243
296 1244
296 1245
297 266
297 893
297 1246
297 570
297 1247
297 1248
297 1249
297 1250
298 1251
298 1252
298 81
298 1253
298 1254
298 1255
299 1256
299 1257
299 1258
299 1259
299 1260
299 1261
299 708
299 1262
300 34
300 987
300 239
301 464
301 1263
301 1264
301 1063
302 31
302 1265
302 1266
302 1267
302 921
302 960
302 1268
302 1269
302 1270
302 1271
302 888
302 1272
303 1273
303 1274
303 1275
304 300
304 147
304 257
304 1276
304 685
305 1277
305 1278
305 1279
305 285
306 1280
306 655
306 1281
306 1282
306 356
306 1283
307 1284
307 528
307 1119
308 271
308 1285
308 1286
308 1287
308 1288
309 306
309 624
309 795
310 1289
310 1290
310 85
311 1291
311 1292
311 1293
311 1294
311 1295
312 1296
312 1297
312 1298
313 460
313 1299
313 34
313 1300
313 1301
314 732
314 1302
314 164
314 1303
314 1304
314 1305
315 1306
315 205
315 318
315 1030
315 1307
315 1308
316 1309
316 1310
316 1311
316 1312
316 1313
316 1314
316 1315
316 1053
316 1316
316 1317
316 946
316 1318
316 1319
317 1320
317 1321
317 1322
318 1323
318 1324
318 1122
318 1325
319 1326
319 357
319 1117
319 1327
320 1328
320 1329
320 1330
321 1331
321 1332
321 528
321 1333
322 977
322 1231
322 218
322 681
322 28
322 1334
322 1335
322 167
323 1336
323 1027
323 1337
323 1338
324 1339
324 1340
324 1341
325 1342
325 1343
325 1344
326 156
326 1345
326 1346
326 172
326 1347
326 1348
326 1349
326 783
327 938
327 1350
327 1351
327 256
328 370
328 1352
328 1353
329 1354
329 1355
329 135
329 1356
329 1357
329 1358
329 51
330 1359
330 1360
330 1361
331 1362
331 1363
331 257
332 1364
332 1365
332 549
333 879
333 34
333 1366
334 1367
334 1368
334 933
335 639
335 166
335 1369
336 1370
336 1371
336 1372
336 1373
336 1374
336 1375
336 21
336 699
336 639
336 1376
336 960
336 689
336 346
336 1377
336 1378
336 1379
337 950
337 1380
337 1381
338 1382
338 1383
338 1384
339 1385
339 1386
339 665
339 666
340 398
340 1387
340 1388
341 1389
341 462
341 620
341 766
341 724
341 1390
342 1391
342 1392
342 1393
343 1394
343 43
343 1395
343 508
343 525
343 1396
344 1166
344 275
344 102
344 773
345 1397
345 1398
345 1399
345 186
345 542
346 1400
346 768
346 1401
346 1402
346 1403
346 1404
347 768
347 224
347 1405
347 1406
347 1407
348 440
348 1408
348 1409
349 214
349 1410
349 1411
349 1412
350 1413
350 1414
350 1415
350 1416
351 1417
351 1418
351 1298
352 1419
352 1420
352 1421
353 1422
353 1423
353 1424
353 1425
353 1426
354 90
354 1010
354 1427
354 1428
354 461
354 680
355 214
355 872
355 218
355 1429
356 1430
356 1431
356 1432
356 579
356 23
356 1433
356 287
356 1434
356 570
356 1435
356 1126
356 1436
356 92
356 972
356 262
356 126
356 1437
356 1438
356 1439
357 1440
357 1441
357 1442
357 1443
357 768
357 1444
357 1445
357 1074
358 1446
358 582
358 1447
359 1448
359 1449
359 1450
360 26
360 1451
360 795
360 1452
361 1175
361 1453
361 1454
361 1455
362 1456
362 1457
362 1458
362 1459
363 1460
363 1461
363 1462
364 1463
364 250
364 1464
364 1465
365 385
365 798
365 1466
365 714
365 462
365 57
365 1467
365 1468
366 1469
366 1470
366 1271
366 1471
366 554
366 1472
367 1360
367 1473
367 1474
368 599
368 1475
368 1476
369 1477
369 1478
369 1479
369 1167
369 1480
370 1481
370 464
370 1482
370 1483
370 1484
371 1485
371 1486
371 1487
372 1488
372 551
372 1489
372 528
372 811
372 1079
373 1490
373 1491
373 1492
373 1493
373 1494
373 1495
374 1496
374 641
374 957
375 1497
375 1498
375 1418
376 189
376 1499
376 1500
376 1501
376 318
377 611
377 1502
377 1496
377 1503
378 1504
378 1505
378 296
378 316
378 1506
378 575
379 1507
379 1508
379 228
379 1509
380 1510
380 1511
380 581
381 1512
381 516
381 1513
381 370
381 1069
382 1514
382 1515
382 1516
383 1517
383 1518
383 1519
384 1520
384 880
384 1521
385 281
385 1123
385 1522
385 1523
385 1524
385 440
386 933
386 767
386 462
386 1173
386 464
387 768
387 1525
387 90
388 1526
388 1527
388 1528
388 214
389 808
389 1529
389 1530
389 1531
389 1532
390 1533
390 1534
390 1535
390 1536
391 1537
391 1538
391 528
392 1539
392 1540
392 1541
393 1542
393 1543
393 1544
394 1545
394 1546
394 1547
394 1548
394 1549
394 1550
394 1551
395 1150
395 1068
395 996
395 1552
395 1434
395 578
395 1066
395 1414
395 1553
396 839
396 342
396 192
396 158
396 1554
396 1555
397 927
397 916
397 1556
398 1557
398 398
398 628
398 1558
399 1559
399 1560
399 1561
400 1562
400 1563
400 1564
400 1565
400 1566
401 321
401 933
401 1567
402 1196
402 1568
402 38
402 993
402 1569
402 558
402 1570
402 1489
402 1571
402 1572
402 597
402 123
402 97
402 1573
402 564
402 299
403 1574
403 1575
403 1576
403 751
404 1577
404 1578
404 1579
404 1580
404 1262
404 1581
404 1582
404 1583
404 1584
405 1585
405 1586
405 1587
406 933
406 1395
406 1588
406 1513
406 1589
406 1590
407 620
407 1591
407 1592
408 3
408 1593
408 1594
409 1378
409 1595
409 1596
410 214
410 795
410 1597
410 1598
410 1599
411 1600
411 92
411 837
412 1601
412 1602
412 1603
413 1604
413 911
413 588
413 1605
413 1606
414 214
414 1607
414 1608
414 1609
414 1610
414 1611
414 1612
414 1613
414 1614
414 1615
414 1616
415 1617
415 1122
415 231
415 1618
415 1619
416 1620
416 1621
416 1622
416 1623
416 1624
416 1317
416 435
416 1625
416 1626
416 1627
417 1628
417 1629
417 206
417 1630
417 1631
417 1632
417 954
417 170
417 1633
418 977
418 34
418 1634
419 1635
419 1636
419 1637
419 1638
419 1639
419 1640
419 596
419 1641
419 1642
419 1601
420 1643
420 1644
420 1645
421 560
421 597
421 1646
421 1647
421 1648
422 53
422 741
422 297
422 1649
422 445
422 974
423 1650
423 1651
423 1013
423 1652
423 1653
424 1654
424 1655
424 511
425 52
425 253
425 75
425 34
425 1656
425 1657
425 1658
425 1659
425 1660
425 1661
425 239
425 1662
425 1663
425 337
425 1125
425 832
425 1664
425 130
425 1146
425 1665
425 1666
425 1667
425 1668
425 1669
425 1670
425 1671
426 1672
426 1673
426 89
426 1674
427 342
427 1675
427 1676
427 1677
427 1678
428 1679
428 1680
428 1546
428 1681
429 1682
429 1683
429 1684
429 741
429 1310
430 1685
430 1686
430 57
431 75
431 462
431 1687
431 1155
431 1688
432 1689
432 1690
432 1691
432 1537
432 1692
432 1281
432 1693
433 1694
433 1695
433 1377
434 1015
434 1696
434 767
434 361
435 357
435 1697
435 1698
435 977
435 167
435 1699
436 1700
436 1701
436 1702
436 897
436 1703
436 1704
437 1178
437 1705
437 1706
438 1707
438 1708
438 1709
439 1710
439 837
439 1501
440 1711
440 937
440 727
440 1003
440 219
440 1712
440 1079
440 1713
440 1714
441 653
441 1715
441 1716
442 721
442 1298
442 1717
443 209
443 767
443 888
443 328
443 1718
443 1719
444 342
444 1588
444 1720
444 1721
445 1722
445 1723
445 615
445 1724
446 1725
446 343
446 1726
447 1727
447 135
447 1357
447 1228
448 1728
448 932
448 1729
448 1158
448 1730
448 518
449 1731
449 1732
449 96
449 1733
449 1734
450 952
450 574
450 1735
451 1736
451 765
451 1737
451 1738
451 775
452 156
452 1739
452 1740
453 1741
453 1406
453 1742
453 1743
453 1068
453 1744
454 1577
454 142
454 379
455 1238
455 1745
455 1746
456 1747
456 1748
456 1749
456 1750
457 771
457 1751
457 736
458 1752
458 1753
458 1754
458 1755
458 1756
458 1757
458 1758
458 1759
458 1760
458 1761
459 611
459 1762
459 1334
459 967
459 1763
460 1764
460 1765
460 1766
460 1360
460 1767
461 1768
461 1769
461 1770
462 1368
462 214
462 765
463 161
463 34
463 1771
463 1772
463 213
463 717
463 1773
464 3
464 872
464 1774
465 284
465 1161
465 1775
466 1776
466 1777
466 1778
466 1779
467 1780
467 1781
467 1782
467 549
468 1783
468 1784
468 1785
468 1786
469 1787
469 1788
469 1085
469 355
470 1789
470 1790
470 1791
470 1792
470 1793
470 1794
470 1748
470 1795
471 1796
471 1597
471 574
471 1797
471 1798
471 1799
471 1800
471 1603
472 1801
472 1802
472 1803
473 49
473 1658
473 1804
474 1805
474 1806
474 1807
475 1808
475 1809
475 1810
476 1811
476 1812
476 1813
476 1801
476 284
476 1510
476 1814
476 1815
476 1816
477 1817
477 1343
477 1446
478 599
478 239
478 1649
478 1818
479 1819
479 1820
479 1605
479 1821
479 1822
479 282
480 1823
480 1824
480 1825
480 1826
481 1827
481 1828
481 1829
481 1432
481 952
481 1830
481 1039
481 1831
481 202
481 67
482 34
482 1832
482 1833
482 1834
483 1835
483 1346
483 428
483 1836
483 71
483 1837
483 1838
483 1283
484 1839
484 1840
484 1841
485 1842
485 1843
485 1273
486 1500
486 64
486 1844
487 1845
487 1846
487 1006
487 1847
488 1848
488 1849
488 746
489 1850
489 1652
489 1851
490 282
490 1349
490 957
490 1852
491 1853
491 1854
491 1855
491 1856
492 1857
492 1858
492 888
493 1859
493 124
493 1860
494 795
494 1861
494 1862
494 620
495 1457
495 575
495 458
495 1863
496 1864
496 1010
496 1346
497 1865
497 1866
497 1556
498 930
498 1867
498 574
498 1868
498 1275
498 1869
498 1113
498 1566
498 1870
498 1712
498 440
498 1871
498 579
498 1872
498 1873
498 1874
498 1406
498 1875
498 1876
498 1877
498 393
498 1878
498 1879
498 1880
498 349
498 1881
498 1882
498 957
498 601
498 1883
498 1884
498 1885
498 1886
498 156
498 979
498 1887
499 224
499 1888
499 1889
500 1627
500 1168
500 1890
500 582
501 1141
501 765
501 1891
502 1892
502 1893
502 1894
503 1510
503 1895
503 1896
504 1897
504 566
504 1898
505 214
505 950
505 239
506 249
506 1899
506 69
506 214
506 927
506 1900
507 1901
507 1902
507 1903
507 1904
508 916
508 1905
508 1906
508 1907
508 1908
508 447
509 637
509 1909
509 156
509 518
509 921
509 1910
509 1911
510 123
510 1912
510 1913
511 1914
511 1915
511 1418
511 1916
512 1917
512 1918
512 1919
512 1920
512 1813
513 1375
513 1921
513 1922
513 1069
513 558
513 1771
514 847
514 677
514 466
514 55
514 1298
514 897
514 1923
515 1924
515 1925
515 1926
515 439
516 1927
516 1346
516 1928
517 1929
517 717
517 1930
517 1931
517 1932
518 869
518 1300
518 1933
518 921
518 398
518 428
518 1934
518 1403
519 1935
519 1273
519 1753
519 1936
520 1528
520 1544
520 1937
521 1938
521 1939
521 1940
522 873
522 1941
522 1942
522 1943
522 1944
522 891
523 1349
523 1945
523 1946
523 1947
524 1948
524 1949
524 1446
525 1950
525 1951
525 1952
526 1953
526 1954
526 1955
527 1956
527 1063
527 1957
527 1725
527 1958
527 1959
527 1960
528 92
528 1961
528 1962
528 1963
529 869
529 1964
529 632
529 356
529 1965
530 1966
530 1967
530 1968
530 1889
531 1969
531 696
531 1273
531 1970
531 1971
532 1972
532 1973
532 1974
533 1975
533 1976
533 646
533 34
533 1977
534 1978
534 766
534 1979
535 1980
535 398
535 1508
536 1981
536 1795
536 1982
537 1983
537 1311
537 1310
538 213
538 1984
538 1985
538 1986
538 596
538 1987
538 1988
538 566
538 1765
538 1989
539 1990
539 156
539 393
539 1991
539 1992
539 1993
539 281
539 1994
539 1068
540 1995
540 1996
540 1997
541 1246
541 872
541 1998
542 135
542 1999
542 2000
543 2001
543 2002
543 2003
543 428
543 2004
543 2005
543 2006
543 2007
543 2008
543 2009
543 2010
543 765
543 222
543 2011
543 1587
543 2012
543 2013
544 2014
544 95
544 2015
544 560
544 2016
544 2017
544 740
544 2018
545 2019
545 2020
545 2021
545 2022
546 2023
546 2024
546 2025
546 2026
546 2027
546 2028
546 2029
546 2030
546 2031
546 2032
546 539
547 101
547 34
547 2033
547 2034
547 2035
547 592
547 239
547 2036
548 2037
548 1113
548 2038
549 435
549 768
549 135
549 1613
549 978
549 2039
550 2040
550 2041
550 979
550 2042
551 2043
551 2044
551 2045
552 2046
552 2047
552 2048
553 1576
553 2049
553 2050
553 49
553 2051
553 2052
553 2053
553 581
553 2054
553 2055
553 2056
553 2057
554 2058
554 2059
554 2060
554 2061
554 1496
554 2062
554 251
554 2063
554 528
554 2064
554 38
554 558
554 368
554 2065
554 46
554 1459
554 1171
554 138
554 2066
554 253
554 2067
554 100
554 2068
554 2069
555 2070
555 2071
555 873
556 1675
556 738
556 2072
556 2073
556 2074
556 2075
557 2076
557 2077
557 1597
557 32
557 2078
557 2079
558 2080
558 282
558 2081
558 385
558 2082
558 2083
558 2084
558 2085
559 2086
559 2087
559 2088
560 49
560 674
560 2089
561 700
561 2090
561 2091
562 2092
562 2093
562 2094
562 562
563 1508
563 2095
563 2096
564 1577
564 1247
564 365
565 124
565 50
565 2097
565 1685
565 2098
566 836
566 1560
566 2099
566 2100
566 1931
566 2101
566 2102
567 528
567 1457
567 497
568 2103
568 933
568 214
568 2104
569 282
569 466
569 2105
569 2106
569 2107
570 2108
570 269
570 142
571 420
571 2109
571 1541
572 214
572 124
572 2110
572 2111
572 2112
572 2113
572 2114
572 2115
573 2116
573 2117
573 721
573 2118
573 1015
574 2119
574 2001
574 2120
575 2121
575 528
575 2122
575 2123
575 1635
576 45
576 2124
576 627
576 158
576 767
576 1426
577 2125
577 2126
577 182
578 2127
578 2128
578 2129
579 49
579 1898
579 2130
579 432
580 2131
580 282
580 1488
580 26
580 2132
580 281
580 2133
580 598
580 1210
580 746
581 2134
581 2135
581 2136
582 1723
582 2137
582 2138
582 979
583 623
583 1071
583 159
584 954
584 54
584 2139
585 1566
585 2140
585 1198
585 1418
586 1426
586 2141
586 1700
587 793
587 2142
587 2143
588 2144
588 2145
588 2146
588 2147
588 1167
589 2148
589 2149
589 2150
589 654
589 2151
590 2152
590 2153
590 1753
590 2154
591 2155
591 1354
591 2156
591 513
591 2157
592 2158
592 2159
592 2160
592 2161
592 2162
592 2163
592 151
592 2164
592 2165
593 43
593 1167
593 1830
593 428
593 2166
593 1555
593 2064
593 2167
593 297
593 2168
593 1207
593 758
593 2169
593 1038
593 2170
594 460
594 214
594 497
594 200
594 1412
594 2171
594 993
595 2172
595 2173
595 2035
595 2174
595 2175
595 2176
596 2177
596 2178
596 1204
597 1909
597 231
597 1763
598 679
598 2179
598 2180
599 2181
599 1337
599 1900
600 2182
600 611
600 1123
600 766
601 2183
601 2184
601 1875
601 2185
601 538
601 2186
602 948
602 34
602 957
602 2187
602 331
602 2188
603 2189
603 214
603 2190
604 1121
604 2191
604 2192
604 2193
605 554
605 1469
605 1889
605 760
606 2194
606 2195
606 142
606 1978
607 921
607 275
607 1671
607 393
608 2196
608 2197
608 2198
609 2199
609 2200
609 768
609 2201
609 2202
609 2203
609 2204
609 952
609 2205
609 2206
609 2207
610 1226
610 549
610 993
610 272
610 1145
610 1707
610 65
611 151
611 352
611 1043
612 2208
612 993
612 1878
613 2209
613 2210
613 2211
614 2212
614 2213
614 2214
614 2215
615 2216
615 2217
615 2218
616 2219
616 1630
616 2220
617 2221
617 2222
617 825
618 2223
618 2224
618 2225
619 2226
619 2227
619 213
619 903
619 2228
619 2229
619 2230
619 2231
620 1058
620 814
620 2232
621 2233
621 1856
621 455
622 2234
622 2235
622 2236
622 2237
622 2238
622 2239
622 1855
623 2240
623 1417
623 2241
623 2242
624 839
624 2243
624 2244
624 2245
625 300
625 1256
625 1223
626 2246
626 440
626 1907
626 1711
626 2247
626 338
626 2248
626 564
626 2249
626 2250
626 267
626 2251
626 2252
626 2253
626 2254
626 1582
626 596
627 2255
627 1340
627 1418
628 385
628 2256
628 2257
629 1149
629 2258
629 92
629 2006
629 1849
629 332
629 2259
630 2260
630 2261
630 1967
631 170
631 2262
631 2263
632 2264
632 1536
632 770
632 1346
632 2265
633 2266
633 1511
633 408
634 1340
634 2267
634 212
634 1289
635 2268
635 2269
635 1345
636 2270
636 2271
636 2272
637 2212
637 1134
637 1702
637 1501
638 2273
638 2274
638 2275
639 301
639 2071
639 2276
640 1591
640 2277
640 2278
640 1141
641 281
641 2279
641 1141
641 38
641 2280
641 1900
641 2281
641 260
641 1488
641 1909
642 1423
642 34
642 239
643 1827
643 2282
643 2283
644 339
644 2098
644 2284
645 271
645 1113
645 2285
645 2286
645 2287
645 1030
646 53
646 385
646 159
646 1678
646 2288
646 1725
646 551
646 2008
646 1627
647 2289
647 1737
647 2290
648 1566
648 1658
648 1102
649 2291
649 300
649 2292
649 78
650 161
650 987
650 2293
651 2294
651 2295
651 2296
652 2297
652 2298
652 537
653 170
653 504
653 2299
654 2300
654 1360
654 1870
655 403
655 1345
655 2301
655 2302
655 2303
656 2304
656 460
656 2305
656 208
656 2306
657 2307
657 1690
657 2308
658 1108
658 2099
658 2249
659 2309
659 1176
659 2310
660 530
660 550
660 2311
660 2312
661 2313
661 1830
661 284
662 2314
662 1291
662 2315
662 2316
662 2317
662 556
662 2318
662 1895
662 1388
662 1802
662 2319
662 2320
662 2321
662 2322
662 2323
663 200
663 2324
663 2325
664 2326
664 2327
664 2101
665 2328
665 451
665 2329
665 2330
665 2331
666 1432
666 681
666 389
666 2332
666 1544
666 760
666 167
666 2333
666 200
666 214
666 1710
666 297
666 993
666 603
666 65
667 2334
667 2335
667 2336
667 551
667 31
667 343
668 2337
668 2338
668 2012
669 2339
669 2340
669 2341
669 195
669 2342
670 1652
670 2343
670 43
670 2344
670 2345
670 783
670 1843
670 2346
670 2347
670 162
670 2348
670 2349
670 2350
670 2351
670 1928
670 1904
670 2352
670 2353
671 2354
671 684
671 2355
671 599
671 2356
671 2357
672 2358
672 2359
672 2360
673 2361
673 234
673 2362
673 2098
674 2363
674 2364
674 2365
674 2366
675 147
675 2367
675 2368
675 2369
676 2370
676 2371
676 2372
676 2324
676 2373
676 2374
676 2375
677 2376
677 2377
677 1942
678 2378
678 2379
678 2380
679 2381
679 2382
679 438
679 437
679 2287
679 1113
679 2383
679 1168
679 370
679 2384
679 2385
679 1249
679 2386
679 2387
679 357
680 2092
680 2388
680 836
680 2389
680 2390
680 2391
680 2392
681 566
681 2393
681 2394
682 2395
682 495
682 1700
683 930
683 783
683 2396
684 2397
684 2398
684 547
685 2045
685 2399
685 2400
685 2401
685 200
685 90
685 2402
686 388
686 142
686 681
686 1691
687 2403
687 2404
687 32
688 582
688 2405
688 2406
689 214
689 2407
689 2408
689 615
690 1953
690 2409
690 2410
690 267
690 2411
690 782
690 2412
690 135
690 2413
690 188
690 2414
691 986
691 869
691 1930
692 1397
692 398
692 2324
692 2415
692 2416
693 526
693 2417
693 2418
694 2419
694 1242
694 2420
695 2421
695 1145
695 564
695 1671
695 1146
696 1378
696 2422
696 2423
696 34
696 26
696 2424
696 260
696 2425
697 2426
697 40
697 2427
698 2428
698 1627
698 2429
699 1924
699 2430
699 1333
699 2385
700 2431
700 1346
700 2432
701 2433
701 2397
701 2434
701 2435
702 566
702 284
702 2436
702 689
702 992
702 599
702 339
703 2437
703 2438
703 1333
704 794
704 2439
704 2440
704 2441
705 2442
705 2443
705 2444
705 2445
705 2446
705 1130
706 2447
706 2116
706 214
707 596
707 2431
707 2448
707 2081
707 374
707 888
707 1678
707 2449
707 2450
708 2451
708 1729
708 466
708 2452
708 305
708 1922
708 2453
708 2454
708 1894
708 1515
708 332
708 2455
708 2456
708 2457
708 2010
709 2458
709 2184
709 2459
709 2460
710 1362
710 41
710 83
710 2461
710 873
710 2462
711 2463
711 2464
711 599
711 2465
712 641
712 2466
712 106
713 227
713 2356
713 2467
714 369
714 2468
714 2469
715 2470
715 2471
715 2472
715 419
715 1456
716 50
716 2446
716 2473
717 2474
717 873
717 717
718 2475
718 2476
718 2477
718 1349
718 721
719 2478
719 342
719 2479
720 2480
720 374
720 2481
721 2482
721 971
721 2483
721 2484
722 930
722 2485
722 2486
722 725
722 2487
722 920
723 548
723 1691
723 2488
723 2489
723 2490
723 2491
723 1810
723 2492
723 2493
724 1346
724 2494
724 1895
725 1835
725 979
725 2495
726 2496
726 2497
726 2498
727 1071
727 1510
727 2499
727 2500
727 2501
727 2409
727 2502
727 2503
727 1082
727 2504
727 2299
727 2505
727 2506
727 780
727 781
727 2507
727 2508
727 2509
727 2510
727 355
727 2511
727 2512
727 2513
727 2514
727 2515
727 2516
728 452
728 2517
728 2518
729 586
729 2519
729 2170
730 1990
730 2520
730 2521
731 55
731 1752
731 2122
731 850
732 1102
732 87
732 480
733 2522
733 2039
733 2523
733 620
734 903
734 2524
734 214
734 1
734 2525
735 2526
735 2527
735 2528
736 2529
736 2530
736 441
737 2531
737 2532
737 2533
737 2534
738 1362
738 757
738 2535
739 2430
739 2536
739 1827
739 2537
740 368
740 1155
740 2179
741 2538
741 955
741 2395
741 1488
741 1378
741 1331
741 611
741 346
741 2539
741 528
741 2540
741 2541
741 1186
741 811
741 2542
741 2543
741 2544
741 2545
741 123
741 2546
741 2249
741 393
742 2547
742 2548
742 1752
742 611
743 2549
743 2550
743 2551
743 2552
743 977
744 20
744 305
744 1389
744 2553
744 239
744 584
744 1079
744 2554
745 720
745 2144
745 1710
745 338
745 641
746 2431
746 769
746 2555
747 2556
747 937
747 2504
748 2557
748 2558
748 829
749 2559
749 2560
749 2561
749 1681
750 2562
750 2563
750 768
750 398
750 2564
750 2565
750 271
750 284
750 620
750 332
750 90
750 2566
751 1378
751 2567
751 2568
752 2569
752 1866
752 2013
753 294
753 1736
753 2164
754 768
754 2570
754 960
754 2571
755 2572
755 2573
755 2574
756 639
756 2575
756 260
757 893
757 466
757 2576
757 2577
758 1878
758 1503
758 2578
759 2188
759 2579
759 1736
759 1542
760 2580
760 2581
760 2582
760 2381
761 2583
761 2016
761 37
761 2584
761 837
761 318
762 2585
762 2586
762 1843
762 283
762 2587
763 1231
763 1165
763 901
764 2588
764 2589
764 2590
765 2591
765 2592
765 1385
765 2593
766 2594
766 2595
766 371
767 2596
767 185
767 2597
767 2045
767 2598
768 2599
768 2600
768 2311
769 115
769 1085
769 1728
769 2601
769 2602
770 2603
770 2604
770 2605
771 2606
771 2607
771 2608
771 2609
772 2610
772 2611
772 845
773 2207
773 2612
773 2613
773 2614
773 2615
773 2616
774 189
774 2617
774 2618
774 2619
774 2620
774 1395
774 1079
774 1195
774 2621
774 151
774 775
774 2622
774 167
775 2623
775 2624
775 1699
775 2625
776 1285
776 2626
776 933
777 1560
777 2627
777 2628
777 2629
778 736
778 2630
778 2631
779 2632
779 2633
779 730
779 1158
779 2634
780 528
780 2635
780 214
780 1190
780 768
780 497
780 902
780 2636
781 620
781 2637
781 1173
781 2638
781 2639
781 164
781 34
781 36
781 1168
781 2640
781 2641
781 2642
781 1238
781 1432
781 41
781 2643
782 2212
782 850
782 41
783 209
783 1349
783 2644
783 2645
783 1766
783 2646
783 2023
783 1045
783 2647
784 1349
784 2648
784 1513
784 569
784 2649
784 464
784 674
784 1752
785 2650
785 2651
785 1362
786 745
786 2652
786 2653
786 2654
787 284
787 2655
787 2656
788 113
788 2657
788 2658
789 102
789 316
789 2659
790 2660
790 2368
790 2661
791 2662
791 766
791 464
792 2663
792 724
792 1339
793 112
793 1801
793 326
794 829
794 2664
794 2665
795 1340
795 677
795 89
795 1744
795 627
795 1753
795 976
796 1107
796 2666
796 2667
796 2668
796 2669
797 2670
797 142
797 1930
798 2671
798 2672
798 2673
798 511
799 1728
799 2674
799 102
799 2675
799 2676
799 239
799 2677
799 620
799 262
799 763
799 2678
799 2679
799 2680
799 374
799 1510
799 171
799 2681
800 2682
800 285
800 2683
801 1826
801 214
801 466
801 2684
801 2685
801 2686
801 1496
801 2687
801 2100
801 2459
802 2688
802 2689
802 2690
802 526
802 2691
802 2565
802 2692
802 97
802 2693
803 1389
803 2267
803 2694
803 570
804 2695
804 519
804 2696
804 2697
804 2698
805 2699
805 2700
805 2701
806 325
806 379
806 2702
807 2703
807 612
807 2704
807 2705
807 2309
807 2706
807 950
807 2707
807 214
807 2708
807 20
807 1488
807 2709
807 2710
808 2711
808 328
808 2712
809 2713
809 2001
809 2714
809 2715
810 46
810 2716
810 2717
811 2718
811 610
811 1262
811 97
811 2719
812 635
812 2720
812 2721
813 2722
813 2723
813 670
813 147
813 2724
813 2039
814 2725
814 2726
814 2039
814 1176
814 2727
814 2728
814 2729
814 2730
814 967
814 1395
814 987
815 1764
815 253
815 1151
815 2092
815 2731
815 2732
816 1835
816 497
816 1059
817 1389
817 2733
817 2734
817 1967
817 214
817 41
818 500
818 2735
818 1708
819 2736
819 2601
819 2737
819 2738
819 2739
820 914
820 770
820 2740
820 555
821 2741
821 1196
821 2742
822 811
822 2743
822 2744
822 2745
822 2746
823 357
823 897
823 2747
824 2670
824 677
824 2748
824 440
824 2749
824 2750
824 441
824 2348
825 229
825 556
825 2751
825 495
825 2752
826 2753
826 2754
826 2755
827 2756
827 2757
827 2758
827 2759
828 2760
828 508
828 908
828 2108
829 282
829 848
829 549
829 1909
830 2761
830 300
830 2762
831 2763
831 1856
831 2764
831 916
832 528
832 2765
832 471
832 2766
832 827
832 319
833 2750
833 239
833 2767
834 2768
834 2769
834 2770
834 620
834 1261
834 979
834 2771
834 218
834 2772
834 2773
834 837
834 423
834 2774
835 1149
835 2431
835 2775
835 333
835 2776
835 260
836 2777
836 560
836 2778
836 2779
837 2780
837 126
837 2249
838 639
838 124
838 2781
838 1141
838 2782
839 2783
839 2784
839 2785
839 2786
839 2586
839 1467
840 1504
840 2787
840 2788
841 2789
841 1702
841 131
842 2790
842 2501
842 829
842 2509
843 2791
843 2792
843 2793
843 2794
844 1697
844 1889
844 2685
844 298
844 2795
844 908
845 124
845 2453
845 2796
845 2474
846 2797
846 2320
846 2798
846 337
847 2008
847 2799
847 1173
847 2800
847 2801
847 2802
847 2803
847 2804
848 1141
848 2805
848 2806
849 957
849 2807
849 2808
850 336
850 2727
850 2809
851 2810
851 938
851 404
851 2811
851 2812
852 2813
852 768
852 2814
852 2815
853 2816
853 2817
853 917
854 2818
854 537
854 980
854 1434
854 1826
854 2819
854 2820
855 2181
855 2821
855 960
855 2822
855 2823
856 2824
856 393
856 2825
856 2486
857 621
857 2002
857 1044
858 2826
858 1354
858 715
858 2827
858 2828
858 2829
859 2830
859 276
859 2831
859 2832
859 2833
859 2834
859 2835
859 2836
859 1964
859 2837
859 1981
859 2838
859 2839
859 2840
859 2841
859 2842
859 2843
859 2844
859 2845
860 2846
860 505
860 2847
861 2616
861 2848
861 2849
861 2165
861 2850
861 2851
861 2656
861 2852
861 2853
862 654
862 2854
862 2855
862 2856
863 2857
863 2858
863 2859
863 1662
863 2860
863 202
864 2197
864 2861
864 2862
865 2863
865 124
865 2065
866 200
866 2864
866 2129
866 1354
866 2865
867 2395
867 1196
867 2866
867 1313
867 2867
867 2868
868 2172
868 577
868 2869
869 1715
869 1826
869 2870
869 1362
869 1285
870 2871
870 2872
870 2873
870 2874
870 2875
871 2876
871 2877
871 2878
872 282
872 2879
872 1744
872 659
873 2751
873 1910
873 1868
874 2393
874 2459
874 2880
875 385
875 2881
875 542
875 2882
875 2883
876 2459
876 357
876 816
876 1746
877 563
877 2884
877 2885
877 1937
878 1432
878 2125
878 2886
878 349
879 869
879 306
879 2887
880 2888
880 2889
880 1930
881 1707
881 2890
881 154
881 664
881 123
881 2249
881 2891
881 2892
882 1223
882 81
882 21
883 2893
883 43
883 2894
883 768
883 993
883 2097
884 727
884 1061
884 2167
884 1753
884 2895
884 2896
885 2610
885 2897
885 1223
885 81
886 2898
886 2899
886 2900
886 2901
887 2902
887 2903
887 2861
887 2904
887 615
887 2905
888 2906
888 464
888 256
889 2907
889 2908
889 575
890 1058
890 2909
890 2910
890 1197
890 2911
890 1499
890 357
890 513
891 2912
891 2913
891 49
892 147
892 2914
892 488
892 1978
893 2915
893 1629
893 542
893 1346
893 783
893 401
893 2916
893 687
894 2388
894 2917
894 2918
894 2919
895 948
895 2920
895 922
895 510
895 2921
895 2922
896 2923
896 41
896 1256
897 1105
897 2924
897 2925
898 678
898 2864
898 2926
899 2395
899 2927
899 1253
899 795
899 640
899 185
899 2928
900 440
900 469
900 1889
900 1736
900 2301
900 2929
901 2930
901 2931
901 2932
902 1061
902 2933
902 250
902 2934
902 2712
902 2039
902 488
902 2935
903 2936
903 2937
903 497
903 370
903 2938
904 2939
904 873
904 1542
904 2940
904 518
904 1103
904 2941
904 482
904 2942
904 2459
904 2943
905 2944
905 2102
905 2945
905 195
905 1416
905 126
905 2755
906 764
906 2946
906 681
906 34
906 2947
906 2948
906 2949
906 2950
906 2951
906 1664
906 428
906 1265
906 466
906 391
906 775
906 2952
906 1657
906 2953
907 1231
907 424
907 2954
907 591
907 2955
907 2956
907 2957
908 1537
908 768
908 903
908 1243
909 524
909 2958
909 2959
909 2960
910 2961
910 90
910 2962
911 495
911 681
911 124
911 1337
912 218
912 2963
912 2194
912 167
912 2964
913 2965
913 918
913 90
913 298
913 2966
913 2967
914 2968
914 2969
914 2074
915 2970
915 203
915 1262
915 2971
916 2972
916 927
916 2973
917 2974
917 2975
917 2976
917 2977
918 2978
918 495
918 974
918 987
918 914
918 1658
918 952
918 256
918 579
919 2184
919 2979
919 2980
920 1532
920 1465
920 1946
920 2981
920 1826
920 1150
920 1415
920 636
920 2982
920 2983
920 2984
920 90
921 2985
921 2986
921 2266
921 156
921 979
921 2136
922 2987
922 1488
922 272
922 2988
922 2989
922 2990
923 32
923 2991
923 562
924 2380
924 2992
924 508
925 598
925 2993
925 205
926 40
926 2994
926 952
926 2995
926 7
926 2996
926 2077
926 2997
927 518
927 99
927 97
927 2998
928 1378
928 936
928 2999
928 3000
928 3001
928 3002
928 3003
929 3004
929 52
929 3005
929 3006
929 3007
929 2467
930 3008
930 3009
930 3010
931 3011
931 3012
931 3013
932 2953
932 974
932 3014
933 3015
933 3016
933 2731
933 3017
934 3018
934 3019
934 577
935 2829
935 2006
935 3020
936 1432
936 3021
936 3022
937 2598
937 3023
937 337
938 528
938 3024
938 3025
939 3026
939 1503
939 275
939 772
939 3027
940 3028
940 3029
940 1322
940 3030
940 2218
941 621
941 281
941 3031
942 565
942 286
942 3032
942 3033
943 3034
943 3035
943 3036
944 3037
944 3038
944 3039
944 1762
944 1165
944 3040
944 3041
944 3042
944 3043
944 974
944 316
945 3010
945 3044
945 3045
945 3046
945 2491
945 2420
946 3047
946 3048
946 2325
946 3049
946 3050
947 75
947 1061
947 3051
947 3052
947 3053
947 326
947 1880
947 3054
947 3055
947 1512
947 3056
947 3057
947 3058
947 3059
947 1924
947 219
947 603
947 3060
948 3061
948 3062
948 1790
949 282
949 281
949 649
949 1622
950 3063
950 87
950 3064
951 409
951 1627
951 3065
951 3066
951 1057
951 3045
951 3067
951 1345
951 3068
951 3069
951 3070
952 3071
952 3072
952 3073
952 1765
952 3074
952 599
953 357
953 214
953 156
953 297
953 3075
954 1
954 2024
954 3076
954 3077
954 877
954 2615
954 3078
954 3079
954 3080
954 3081
954 3082
954 3083
954 3084
954 3085
955 921
955 3086
955 1641
956 440
956 2017
956 3087
957 213
957 247
957 3088
957 275
958 3089
958 3090
958 3091
958 897
959 3092
959 2797
959 3093
959 342
960 32
960 3094
960 1321
961 239
961 1510
961 3095
962 460
962 1721
962 3096
963 768
963 1074
963 3097
964 3098
964 2908
964 1872
964 3099
965 3100
965 151
965 3101
966 3102
966 3103
966 3104
966 2305
966 3105
966 3106
967 275
967 1395
967 3107
967 34
968 146
968 338
968 3108
969 3109
969 2686
969 2970
970 3110
970 3111
970 1029
971 1284
971 3112
971 3113
972 1752
972 3114
972 3115
973 3116
973 3117
973 1945
973 3118
973 1246
974 3119
974 3120
974 872
975 3121
975 3122
975 3123
976 667
976 525
976 406
976 917
977 1488
977 50
977 3124
977 3125
977 166
977 428
977 269
977 831
977 2903
978 624
978 357
978 601
979 3126
979 457
979 2781
979 2852
979 3127
979 3128
979 1368
979 700
979 2219
979 3129
979 135
979 917
979 1995
979 1145
979 3130
979 3131
979 1083
979 1675
980 435
980 1909
980 428
981 1119
981 3132
981 903
981 1895
982 3133
982 3134
982 3135
983 3136
983 3137
983 1031
984 724
984 3138
984 3139
984 3140
985 1289
985 3141
985 3142
985 1285
985 3143
985 1914
986 2212
986 3144
986 518
987 1166
987 3145
987 3146
988 297
988 3147
988 3148
988 2069
988 3149
988 1294
989 1289
989 1665
989 3150
990 2358
990 1852
990 3151
991 125
991 89
991 357
991 281
991 1383
992 3152
992 3153
992 1763
993 3154
993 1765
993 335
994 3155
994 76
994 3156
995 2339
995 1703
995 2622
995 1010
995 3157
995 3158
995 3159
996 332
996 167
996 3160
996 581
997 3161
997 58
997 2499
998 3162
998 2437
998 3163
998 1920
998 1345
998 3164
999 721
999 3165
999 3166
999 3167
999 3168
1000 297
1000 3169
1000 3170
1000 195
1000 641
1000 2947
1000 267
1000 3171
1000 440
1000 3172
1000 1707
1000 3173
1000 3174
1000 2468
1000 3175
1000 69
1000 2251
1000 1381
1000 200
1000 1304
1000 1346
1000 1630
1000 1792
1000 782
